[-6991727.020832952, 8595870.068343122, -7463682.566249887, -7464605.2388417665, 3435562.817289768]
[-9929934.633556342, 6832665.280367859, -9120315.41410657, 9766516.969009567, -8863633.226472387]
[7083877.561292108, 1653886.0662185568, 4812907.500812866, -5466262.421629166, -7657820.54141753]
[67246.3502881676, -2195599.6144857304, 8375428.416538682, -262433.6494629141, 9043574.579153452]
[5881033.492115496, 6237833.528458348, 902715.9729011077, 9728295.702711519, -303169.45007456094]
[5446270.460132051, 1819346.0179834682, 7011331.802334316, 5157428.73641309, 933860.559759507]
[-5327834.824932198, 8457717.795330547, -6232221.632673285, 8481559.784463972, -6520568.710198898]
[145778.35625896044, -5742597.374855629, 506132.5456056502, -4217519.528517095, -4478831.734450936]
[-3004715.97429266, -464037.01028102264, -5125829.185237054, -4718285.780781435, 7653556.831664585]
[8210457.890557785, 5392752.545952015, -3695833.9670184227, -7666397.238911824, -4797695.256829804]
