[-7895557.639833271, -4257721.703080854, 4599375.808542326, 1711472.4048509542, -3264877.954907122]
[8459466.023979045, 5781017.186446296, 7449516.505520251, -8561465.04361024, -574394.1078779157]
[-9187491.024327252, -9524172.896219444, 454362.49691074714, 5828152.255272541, -5353027.020349208]
[-1815368.4028254217, 6829682.327613167, 3071270.99228801, -1216048.1604241058, 1823166.2365903761]
[3248482.476260988, -2817650.4892236665, -8005069.330555327, 943911.4970419053, -1428614.452386124]
[3931200.271252131, 1103320.105405802, 536755.9755064081, -8137319.243978685, -7862771.745565309]
[6508900.719392475, 7636370.6996161565, 3630742.9105122164, 8333422.572653502, -4253003.245490667]
[7251360.575519241, -6892706.601733375, -1085882.7242839243, -7748487.415528069, -1033396.6361009087]
[-6080885.691657603, 3983055.691908486, 7115101.339289449, 4660729.536565069, -6073050.0585058]
[4381303.334245486, 4671681.292672854, 477845.591931114, 6936261.130317666, 9148399.40818964]
